12

C       1.39359      0.00000      0.00000
C      -1.39359      0.00000      0.00000
C       0.69680     -1.20688      0.00000
C      -0.69680     -1.20688      0.00000
C       0.69680      1.20688      0.00000
C      -0.69680      1.20688      0.00000
H       2.47776      0.00000      0.00000
H      -2.47776      0.00000      0.00000
H       1.23888     -2.14580      0.00000
H      -1.23888     -2.14580      0.00000
H       1.23888      2.14580      0.00000
H      -1.23888      2.14580      0.00000